   pot porc dim
1    5  100   1
2    5   70   2
3    5   36   3
4    5   12   4
5    5   18   5
6    5   14   6
7    5   14   7
8    5    8   8
9    6  100   1
10   6   66   2
11   6   28   3
12   6   22   4
13   6   20   5
14   6    8   6
15   6   18   7
16   6   12   8
17   7   96   1
18   7   56   2
19   7   24   3
20   7   20   4
21   7   24   5
22   7   12   6
23   7    6   7
24   7    6   8
25   8  100   1
26   8   76   2
27   8   38   3
28   8   26   4
29   8   10   5
30   8    6   6
31   8    6   7
32   8   12   8
33   9   94   1
34   9   72   2
35   9   46   3
36   9   18   4
37   9   14   5
38   9   12   6
39   9    6   7
40   9    6   8
41  10   96   1
42  10   60   2
43  10   26   3
44  10   18   4
45  10   12   5
46  10    8   6
47  10    6   7
48  10   10   8
